510163201
30473181
824822983
521173590
383834255
631186365
342066826
521549711
711013651
650610872
132855641
942235908
462288278
261270198
941631316
741613878
813724752
562376877
863650795
261254255
680392816
943306223
943153815
680271696
942832648
465562132
521734508
464729004
522204029
432007393
861955423
42760470
237122879
954492570
203415545
760297531
942959973
943059243
952918844
237404756
264680984
841264154
461281109
910974503
813878582
470617373
946136365
853421229
843065993
954576023
200782029
911577184
222543622
842433939
941156622
134257724
522267838
844763169
833874583
383355698
941196203
942505916
943249753
341165756
205657071
364443093
161487925
363727669
311775429
954708781
363043253
521632583
231994645
364306362
363673599
742762542
813185002
141737256
823397515
911090450
811938695
530178883
943110973
452987277
452454983
362971864
262727680
813558713
361877640
631225764
742941663
363585238
300098254
43700971
270193587
680551464
371251831
223260883
942939540
133802711
823350805
861217450
471012852
461374353
910947084
951691013
362167761
450518844
833991239
833607138
953132674
811168111
475608351
272486484
931029197
742472774
843176297
363676873
942783401
540884513
530196600
363563802
844291701
911047900
953135649
463872778
113344389
943007979
954555879
810668995
381845444
813459266
202523891
134203234
208007037
131740114
840742145
860498020
954185142
20674431
366009499
521426663
522082778
60990707
943086885
237092671
273429376
226090990
132758558
131624112
454044201
521891734
521624852
453419142
300075580
521482678
273303237
850348301
561348186
472859426
942761355
911687791
911252785
943163142
651206137
820696739
200384893
942589423
931194564
820840451
363881109
561191115
411814659
943282858
880318655
680541648
943220029
900652201
845151214
841565542
260476701
133593806
300507718
113369566
521367538
363151279
942158023
237380554
571035023
541858176
200121100
473298059
741902234
135642032
954523232
825402227
256089906
860212873
131663143
16014081
953442295
20222165
910565555
520880375
800804818
870343164
272451077
133540337
320071651
273586666
363528940
410988459
814501429
475553323
956054814
815284790
462214021
204437353
942523780
261995077
203905057
822568845
421285094
813635849
821672086
823097991
472234949
464414158
680561016
680526185
472777185
521236600
222543622
620499284
132622748
591436126
521213010
465613782
841599036
464106389
43298116
510183494
520895622
133801864
942658135
770568168
200748404
943275527
60669118
455570673
520939952
274618713
161452956
520789800
61590060
943065434
770487468
222624532
621475145
942210447
942620758
521633883
330468988
133030257
133801864
342000767
222599662
132860703
133619000
942477804
474034471
251924934
131624240
814184814
135643515
237311208
223115048
223618673
471062064
822869110
474138753
850437960
851956744
113167245
561202940
420727488
460872616
952926663
131628688
592333653
352420942
136202692
410909036
941451894
133573409
756005352
520789800
452116038
364283554
470807501
260417563
455150013
873987763
60990707
465224987
112932528
363412054
133669731
841377975
741842169
943050247
363783551
42103907
131628180
133083068
42530908
222059939
202123833
630598743
320295517
954492477
10897461
541093402
42763204
133749744
274557052
742662919
131776711
300086410
521577685
741563270
521234565
364044632
562255405
453419142
541362857
223267922
593198934
592230272
133629466
131932384
10619570
910916176
521254948
10897469
954067758
942932254
50494347
383629268
472759708
203222424
46004303
43177488
621630417
943215565
731675486
113560625
823785502
943030866
352296166
200845247
201649101
815304541
300126510
453813436
480879502
474352872
131624104
952897721
742374672
362334627
133871360
263216644
363844385
133666994
860227210
135562220
521942551
820911954
43063382
460539726
522279789
113303986
942939540
954539765
941483797
942620758
521161473
830379943
203798596
132890727
363689665
463668128
364799986
630598743
411316151
810758952
133573852
133234441
330608166
382672000
814944067
821800077
863899115
421533531
954421521
262884436
952810095
453769025
112622003
141737256
521243457
237000150
760809155
850741666
132875808
300044814
133736860
471674561
200003712
134080201
874142373
522216665
911961032
942960297
743256596
135562265
770487468
464106389
953080947
135643515
852099092
952428657
133996379
521891734
831634599
930785786
833856799
953854831
273233197
943041517
901019558
237102632
310820393
341685993
830998481
300023682
474636795
270600887
341691158
840562952
232741480
823390896
271911378
822406071
272016727
842175670
133573852
941744108
941367270
581237316
751575599
832888537
311762340
431235619
237007055
237200739
844016495
390806301
320460001
412185504
10886091
61164568
364671325
133030229
680004000
911687791
520895622
862030573
381360557
223037457
943243478
823328108
470830661
381958131
364955548
330711527
942801493
362806193
471511557
680505337
520895622
473704759
461478497
132600199
471056193
10503454
874146192
455258656
862249120
472455313
752733048
232052374
521137799
233072363
510168651
200845247
743003521
846038681
462340104
453243512
814184814
203581406
873360888
472688383
460846833
341798850
461557552
465202589
833722391
472072946
420680250
431953400
590866060
823691229
832864867
943184812
320199835
831771925
272145405
920018031
900798899
844625963
874470416
823045350
331177339
576025581
882810364
452498146
131624103
820478703
300594436
770328720
611990478
113654320
470491162
366913115
842935822
260295348
873694870
853929512
455308952
362167808
852909852
742804268
237049383
861662724
520895622
841756893
203226605
465249882
842321893
43457440
272624803
472678893
133624785
510167270
743182290
822327692
521411039
274013017
742804268
621751430
200475819
43200436
874591195
953814898
850738610
844868284
850659400
852603094
952901087
470901978
800919680
412006889
911454239
113344389
920130244
550853118
520895622
813513347
852888770
811589417
943048844
462223015
841402025
111633516
203815326
237452822
850541717
133802711
208925383
260275981
815289341
262618507
134336713
263415312
942925908
360899855
510244911
832329388
455402506
862177332
383822008
231352010
113821132
43063382
472387218
362167940
721120672
232014218
521302627
273490853
743233138
465083328
450581663
882419652
851235510
831769970
472234855
851778722
710724107
592754795
161107763
861653095
520789800
521847000
823259664
823831226
833324463
452545295
841833586
222479311
132603590
874117616
873214049
201247116
264658235
823429406
911176122
461517597
570861817
43690799
475274695
822835231
264465056
50125860
820764092
762918374
204956382
871638721
473704759
474150796
852276447
271041624
562120411
591707145
