366009499
232052374
363488183
453552355
880318655
823350805
953442295
472387218
201247116
311668255
237122879
10741733
942523780
930785786
61164568
741613878
842433939
590866060
474034471
850741666
943059243
815304541
233072363
226090990
630598743
271911378
742941663
473704759
161107763
471511557
844016495
342066826
231994645
383878535
813635849
161452956
271085525
43063382
953814898
273258188
952901087
273303237
521549711
462214021
300688641
454044201
591436126
521482678
821672086
133540337
460872616
161320337
132758558
431235619
237404756
133573409
412006889
470807501
941196203
133593806
943007979
841756893
873214049
811168111
270600887
824100277
830379943
920130244
521577685
364308068
871188456
521426663
135643515
841565542
741563270
862362833
300507718
820911954
237050397
815284790
133030229
464596449
851778722
412185504
300594436
462288278
200003712
942658135
133573852
43700971
251924934
450518844
363252332
274689516
852276447
910947084
453813436
820478703
320071651
472072946
820840451
941744108
566019660
363585238
821202125
204738399
461281109
954576023
831084020
131740114
474150796
853719642
455570673
132890727
850541717
43314093
833991239
943275527
460846833
840562952
133666994
862451023
262884436
134254724
942235908
10897461
363783551
470682563
475608351
203798596
521624852
363676873
342000767
814944067
472678893
113821132
200475819
823328108
861662724
863899115
882933111
462737995
237452822
956054814
541093402
273995200
364799986
472455313
743003521
331177339
453784039
814184814
593198934
237200739
362904073
942801493
381360557
465613782
521632583
464414158
453419142
60669118
273490853
410909036
270274337
472859426
133619000
522216665
260476701
862249120
363844385
260275981
731675486
200384893
464106389
874591195
833607138
463872778
823097991
208007037
942932254
421533531
364044632
472234949
954492477
341691158
42763204
943238299
361877640
581237316
920018031
611990478
823259664
941631316
131932384
390806301
237380554
43177488
43086647
300086410
363673599
10503454
521161473
860498020
900678879
311775429
330711527
200782029
841264154
874117616
850348301
421385904
362167940
521614116
470830661
910974503
261254255
833285289
161487925
474138753
134080201
521243457
751575599
520880375
861653095
822406071
271067272
874146192
862177332
756005352
222059939
362334627
510167270
813724752
541479847
943306223
943266455
843357705
812479184
941156622
264465056
522082778
461374353
46004303
237138947
201649101
942210447
112932528
256089906
823785502
822459809
452454983
742472774
260417563
203222424
800919680
813878582
222624532
911176122
42760470
882810364
133871360
201371178
911577184
810920164
131624103
813459266
231352010
112622003
541892549
383834255
852909852
814317443
815289341
953854831
742804268
823397515
300044814
204437353
942620758
521734508
454894439
453769025
521847000
561191115
133802711
223618673
743182290
831162363
341798850
861955423
431953400
521234565
300098254
954708781
510475062
901019558
450552845
830397856
954555879
833722391
846038681
833324463
272624803
842399915
570861817
943282858
222599662
133624785
471739708
223260883
873360888
237092671
133629466
752733048
943489966
132600199
540884513
320199835
204509029
412278265
471012852
381958131
651206137
931194564
471062064
471674561
30473181
510183494
680004000
472777185
942959973
860589516
382672000
330424768
203849881
200121100
237049735
851956744
237160072
263415312
931029197
203226605
941451894
133736860
760360533
742762542
942589423
541858176
462340104
562011661
741842169
832329388
711013651
364306362
832864867
352296166
391780170
911687791
364283554
770328720
455308952
851235510
510168651
834704807
833856799
522110854
475274695
810668995
132855641
952926663
273586666
943048844
830366726
300075580
942783401
261995077
274557052
822869110
954492570
300810315
840742145
223037457
521411039
943030866
452545295
472824732
462223015
237000150
473924617
952918844
943467834
522204029
455402506
953080947
852099092
201547478
480897530
431359465
942925908
364955548
237007055
811938695
237049383
362167808
541888632
850244588
463668128
832888537
223267922
521367538
911047900
262033929
621475145
383629268
510244911
330056551
870343164
843065993
872617251
820764092
43071598
943163142
454842203
742173447
680526185
131628688
954252143
954539765
113369566
954185142
470901978
824822983
472688383
521807264
50494347
750851203
203815326
823831226
561348186
50125860
814802022
452987277
910565555
550853118
470617373
862030573
823045350
821800077
952428657
813558713
521283597
911720272
363727669
770568168
825402227
116076991
208925383
10619570
262618507
521236600
522279789
953854152
741902234
521942551
941483797
852888770
371251831
411913672
411814659
842321893
743256596
874470416
874142373
20610358
465562132
621630417
43690799
330468988
522267838
474636795
463314842
383822008
363043253
134336713
43200436
271246514
300023682
942761355
452116038
133801864
264680984
200748404
912121566
882419652
951691013
42530908
823691229
330608166
270193587
131628180
203415545
800804818
631225764
203905057
845151214
770487468
461557552
943041517
43457440
844625963
135562220
384168707
141737256
942158023
520789800
453243512
237102632
822327692
680561016
320460001
851490369
943220029
465224987
455258656
813741284
475471208
530196600
463725244
843176297
953135649
844868284
844763169
300126510
571035023
411316151
113654320
821247276
470491162
943086885
943065434
131624112
952897721
472234855
480879502
131776711
462946211
621751430
203581406
320295517
363881109
942832648
310820393
815439866
132860703
363563802
134257724
453995490
455150013
680271696
61590060
862707421
832103918
270871113
132603590
202523891
810758952
222543622
133030257
432007393
562120411
141933532
521254948
131624240
113167245
943249753
464729004
363528940
364443093
954421521
823390896
20222165
943243478
363412054
452498146
271256963
10897469
562638368
650610872
954523232
60990707
710724107
133083068
851301939
861217450
860212873
680505337
521302627
850659400
842935822
510163201
860227210
831771925
330565412
205893698
592333653
420727488
273233197
770352645
461517597
237311208
872041032
842175670
20674431
850437960
943153815
450581663
472759708
205657071
381845444
742374672
830998481
811373747
946136365
341165756
410988459
202123833
42103907
412008684
822568845
113303986
461478497
134203234
204355829
133749744
204956382
942477804
942939540
631186365
16014081
953132674
731351984
352420942
420680250
223857591
943215565
262727680
274013017
823781442
990320942
841402025
520895622
521137799
943110973
133996379
311643442
900798899
200845247
900652201
592230272
341685993
942505916
474352872
942960297
366913115
475553323
135642032
813185002
592754795
762918374
873694870
363151279
742662919
853421229
274618713
43298116
271041624
844291701
43088140
821125035
811589417
750827419
521633883
850738610
460539726
521173590
954067758
562376877
131624104
232741480
831486554
943050247
223115048
873987763
813513347
822835231
370912882
364671325
743233138
131663143
363689665
951641424
264658235
911090450
820696739
760297531
576025581
10886091
760809155
521213010
272145405
111633516
132875808
680392816
941367270
465202589
465083328
841377975
530178883
620499284
823429406
852603094
272451077
362971864
911252785
275239293
721120672
132622748
362167761
311762340
831769970
384082669
853929512
520939952
471402030
272553629
473298059
133234441
113344389
273429376
272486484
831634599
261270198
952810095
135562265
222479311
360899855
562551312
680588485
465249882
871638721
521891734
680551464
562255405
863845526
833874583
471056193
382971968
841833586
460761937
943184812
911961032
911454239
113560625
841599036
133669731
260295348
680541648
421285094
814501429
272016727
136202692
561202940
863650795
910916176
362806193
591707145
383355698
363548689
863168588
263216644
232014218
541362857
