510163201
30473181
824822983
521173590
383834255
631186365
342066826
521549711
711013651
650610872
132855641
942235908
462288278
261270198
941631316
741613878
813724752
562376877
863650795
261254255
680392816
943306223
943153815
680271696
942832648
465562132
521734508
464729004
522204029
432007393
861955423
42760470
237122879
954492570
203415545
760297531
942959973
943059243
952918844
237404756
264680984
841264154
461281109
910974503
813878582
470617373
946136365
853421229
843065993
954576023
200782029
911577184
222543622
842433939
941156622
134257724
522267838
844763169
833874583
383355698
941196203
942505916
943249753
341165756
205657071
364443093
161487925
363727669
311775429
954708781
363043253
521632583
231994645
364306362
363673599
742762542
813185002
141737256
823397515
911090450
811938695
530178883
943110973
452987277
452454983
362971864
262727680
813558713
361877640
631225764
742941663
363585238
300098254
43700971
270193587
680551464
371251831
223260883
942939540
133802711
823350805
861217450
471012852
461374353
910947084
951691013
362167761
450518844
833991239
833607138
953132674
811168111
475608351
272486484
931029197
742472774
843176297
363676873
942783401
540884513
530196600
363563802
844291701
911047900
953135649
463872778
113344389
943007979
954555879
810668995
381845444
813459266
202523891
134203234
208007037
131740114
840742145
860498020
954185142
20674431
366009499
521426663
522082778
60990707
943086885
237092671
273429376
226090990
132758558
131624112
454044201
521891734
521624852
453419142
300075580
521482678
273303237
850348301
561348186
472859426
942761355
911687791
911252785
943163142
651206137
820696739
200384893
942589423
931194564
820840451
363881109
561191115
411814659
943282858
880318655
680541648
943220029
900652201
845151214
841565542
260476701
133593806
300507718
113369566
521367538
363151279
942158023
237380554
571035023
541858176
200121100
473298059
741902234
135642032
954523232
825402227
256089906
860212873
131663143
16014081
953442295
20222165
910565555
520880375
800804818
870343164
272451077
133540337
320071651
273586666
363528940
410988459
814501429
475553323
956054814
815284790
462214021
952703575
